00110100000010000000000000001000
00000011101010001110100000100010
00000011101000000101000000100101
00110100000010110000000000000100
00000001010010110101000000100010
00100011101110010000000000000000
10001111001011000000000000000000
10101101010011000000000000000000
00110100000010010000000000000000
00110100000010110000000000000100
00000001010010110101000000100010
10101101010010010000000000000000
10001101010010010000000000000000
10001101010010000000000000000100
00110100000010110000000000000100
00000001010010110101000000100000
10101101010010010000000000000000
10001101010010000000000000000000
00100001010010100000000000000100
00010000000010000000000011011000
00110100000010000000000000000000
00000011101010001110100000100010
00000011101000000101000000100101
00110100000010010000000000000001
00110100000010110000000000000100
00000001010010110101000000100010
10101101010010010000000000000000
10001101010000100000000000000000
00100011101111010000000000001000
00000011101000000101000000100101
00000011111000000000000000001000
00110100000010000000000000000000
00000011101010001110100000100000
00000011101000000101000000100101
00110100000010110000000000000100
00000001010010110101000000100010
00100011101110010000000000000000
10001111001011000000000000000000
10101101010011000000000000000000
00110100000010110000000000000100
00000001010010110101000000100010
00100011101110010000000000000000
10001111001011000000000000000000
10101101010011000000000000000000
00110100000010010000000000000001
00110100000010110000000000000100
00000001010010110101000000100010
10101101010010010000000000000000
10001101010010010000000000000000
10001101010010000000000000000100
00110100000010110000000000000100
00000001010010110101000000100000
00000001000010010100100000100010
10101101010010010000000000000000
00000011101000000100000000100101
00110100000010010000000000011000
00000001000010010100000000100010
10001101010011000000000000000000
10101101000011000000000000000000
00110100000010000000000000000100
00000011101010001110100000100010
10101111101111110000000000000000
00000011101000000101000000100101
00110100000010000000000000001100
00000011101010001110100000100010
00001100000000000000000000000000
00100011101111010000000000001100
10001111101111110000000000000000
00100011101111010000000000000100
00000011101000000101000000100101
00110100000010000000000000000100
00000001010010000101000000100010
10101101010000100000000000000000
10001101010010010000000000000000
10001101010010000000000000000100
00110100000010110000000000000100
00000001010010110101000000100000
00000001001010000000000000011000
10101101010010010000000000000000
10001101010000100000000000000000
00100011101111010000000000001000
00000011101000000101000000100101
00000011111000000000000000001000
00110100000010000000000000001000
00000011101010001110100000100000
00000011101000000101000000100101
00000011111000000000000000001000
00110100000010000000000000010000
00000011101010001110100000100010
00000011101000000101000000100101
00110100000000100000000000000101
00100011101110010000000000000100
10101111001000100000000000000000
00110100000010110000000000000100
00000001010010110101000000100010
00100011101110010000000000000100
10001111001011000000000000000000
10101101010011000000000000000000
00000011101000000100000000100101
00110100000010010000000000011000
00000001000010010100000000100010
10001101010011000000000000000000
10101101000011000000000000000000
00110100000010000000000000000100
00000011101010001110100000100010
10101111101111110000000000000000
00000011101000000101000000100101
00110100000010000000000000001100
00000011101010001110100000100010
00001100000000000000000000000000
00100011101111010000000000001100
10001111101111110000000000000000
00100011101111010000000000000100
00000011101000000101000000100101
00110100000010000000000000000100
00000001010010000101000000100010
10101101010000100000000000000000
10001101010010010000000000000000
00100011101110010000000000001100
10101111001010010000000000000000
00100001010010100000000000000100
00100011101110010000000000001100
10001111001001000000000000000000
00110100000000100000000000000001
00110100000001000000000000100000
00110100000000100000000000001011
00110100000010000000000000010000
00000011101010001110100000100000
00000011101000000101000000100101
00000011111000000000000000001000
00000000000000000000000000000000
